1 0.790625 0.4890625 0.0671875 0.0703125
1 0.37265625 0.5328125 0.0484375 0.05625
1 0.05625 0.4953125 0.040625 0.034375
1 0.0765625 0.4703125 0.034375 0.03125
1 0.1234375 0.48828125 0.0453125 0.034375
1 0.275 0.50390625 0.0515625 0.0453125
1 0.53359375 0.50390625 0.0578125 0.05625
1 0.6453125 0.4625 0.0515625 0.0453125
1 0.86875 0.453125 0.0703125 0.0609375
1 0.26328125 0.42578125 0.0359375 0.04375
1 0.5 0.46015625 0.04375 0.0453125
1 0.68359375 0.5203125 0.075 0.075
1 0.1515625 0.45546875 0.04375 0.0359375