1 0.59140625 0.33046875 0.0625 0.0828125
1 0.77265625 0.3015625 0.0796875 0.078125
1 0.72578125 0.33828125 0.0625 0.103125
1 0.4484375 0.37265625 0.0515625 0.0640625
1 0.3609375 0.3890625 0.053125 0.05625
1 0.3328125 0.41484375 0.0359375 0.0390625
1 0.30859375 0.39140625 0.03125 0.0265625
1 0.13125 0.4 0.0359375 0.0328125
1 0.0171875 0.19765625 0.034375 0.0671875
1 0.21875 0.41171875 0.0296875 0.0390625
1 0.24296875 0.4171875 0.025 0.034375
1 0.5921875 0.0203125 0.065625 0.040625
1 0.771875 0.03359375 0.0828125 0.0671875
1 0.72734375 0.021875 0.065625 0.04375
1 0.0171875 0.13046875 0.034375 0.0671875