2 0.0796875 0.22734375 0.15859375 0.3578125
2 0.24375 0.2859375 0.31953125 0.240625
2 0.39765625 0.28828125 0.2859375 0.2359375
2 0.7296875 0.203125 0.34375 0.40625
2 0.87890625 0.24375 0.23828125 0.32421875
2 0.52265625 0.6984375 0.06484375 0.5796875
2 0.475 0.65859375 0.1609375 0.5
2 0.4234375 0.61640625 0.2640625 0.415625
2 0.321875 0.584375 0.20703125 0.35078125
2 0.25390625 0.5578125 0.18984375 0.2984375
2 0.17890625 0.52734375 0.18046875 0.23828125
2 0.1203125 0.49296875 0.14921875 0.16796875
2 0.0765625 0.48203125 0.1390625 0.146875
2 0.80078125 0.7015625 0.365625 0.58671875