1 0.27734375 0.36796875 0.0703125 0.0921875
1 0.60234375 0.3796875 0.084375 0.1015625
1 0.390625 0.36875 0.084375 0.1140625
1 0.10546875 0.3921875 0.0484375 0.0671875
1 0.2140625 0.4125 0.0390625 0.0453125
1 0.14765625 0.4078125 0.03125 0.040625
1 0.95703125 0.36328125 0.071875 0.1453125
1 0.27734375 0.06484375 0.0703125 0.090625
1 0.60234375 0.053125 0.084375 0.1015625
1 0.390625 0.06640625 0.084375 0.1140625
1 0.10546875 0.040625 0.0484375 0.0671875
1 0.2140625 0.02265625 0.0390625 0.0453125
1 0.14765625 0.02734375 0.03125 0.040625
1 0.95703125 0.07109375 0.071875 0.1421875