1 0.17578125 0.346875 0.071875 0.0828125
1 0.3703125 0.43359375 0.1015625 0.096875
1 0.27421875 0.51953125 0.1546875 0.1421875
1 0.603125 0.32421875 0.0390625 0.05625
1 0.5421875 0.34375 0.040625 0.05625
1 0.50859375 0.34609375 0.03125 0.046875
1 0.4640625 0.3421875 0.034375 0.0578125
1 0.17578125 0.01171875 0.0734375 0.0234375
1 0.6046875 0.0171875 0.040625 0.034375
1 0.53984375 0.00703125 0.0421875 0.0140625
1 0.50703125 0.00390625 0.034375 0.0078125
1 0.46484375 0.00859375 0.0359375 0.0171875