1 0.36171875 0.25390625 0.1421875 0.2046875
1 0.43515625 0.3265625 0.0953125 0.159375
1 0.24140625 0.19609375 0.0515625 0.06875
1 0.103125 0.21875 0.0828125 0.096875
1 0.04296875 0.28203125 0.0859375 0.2953125
1 0.16953125 0.23046875 0.0453125 0.0484375
1 0.63125 0.18515625 0.146875 0.1203125
1 0.3609375 0.0484375 0.1453125 0.096875
1 0.24140625 0.0515625 0.0515625 0.0703125
1 0.1046875 0.03828125 0.084375 0.0765625
1 0.04453125 0.05625 0.0890625 0.1125
1 0.16796875 0.0203125 0.0484375 0.040625
1 0.63125 0.06015625 0.146875 0.1203125