1 0.92421875 0.34375 0.084375 0.1046875
1 0.3484375 0.3328125 0.0671875 0.096875
1 0.14296875 0.31796875 0.0890625 0.10625
1 0.50234375 0.3265625 0.1015625 0.1265625
1 0.71015625 0.3171875 0.103125 0.128125
1 0.853125 0.34453125 0.0578125 0.0734375
1 0.2828125 0.309375 0.103125 0.128125
1 0.603125 0.35546875 0.0484375 0.0703125
1 0.7640625 0.359375 0.053125 0.0734375
1 0.41484375 0.38046875 0.0453125 0.071875
1 0.9234375 0.01953125 0.0875 0.0390625
1 0.34921875 0.02265625 0.0703125 0.0453125
1 0.1421875 0.0328125 0.090625 0.065625
1 0.50390625 0.03359375 0.103125 0.0671875
1 0.70859375 0.03828125 0.1046875 0.0765625
1 0.8546875 0.0109375 0.0609375 0.021875
1 0.28125 0.0421875 0.10625 0.084375