1 0.1234375 0.27578125 0.084375 0.0890625
1 0.22265625 0.25390625 0.0890625 0.1046875
1 0.77421875 0.3 0.1109375 0.1234375
1 0.35078125 0.3 0.10625 0.1171875
1 0.52734375 0.3 0.1078125 0.1171875
1 0.71015625 0.246875 0.0546875 0.0703125
1 0.90859375 0.1984375 0.0296875 0.040625
1 0.1234375 0.0640625 0.084375 0.0890625
1 0.22265625 0.08515625 0.0890625 0.1046875
1 0.775 0.05078125 0.1140625 0.1015625
1 0.35234375 0.04921875 0.1078125 0.0984375
1 0.5265625 0.04921875 0.1109375 0.0984375
1 0.71015625 0.09296875 0.0546875 0.0703125
1 0.90859375 0.140625 0.0296875 0.040625