1 0.165625 0.284375 0.0765625 0.0921875
1 0.77265625 0.2796875 0.0703125 0.071875
1 0.23671875 0.26640625 0.0703125 0.0890625
1 0.44609375 0.33125 0.065625 0.0796875
1 0.65625 0.33359375 0.0578125 0.0546875
1 0.68984375 0.30625 0.034375 0.0484375
1 0.165625 0.04453125 0.0765625 0.0890625
1 0.77265625 0.0484375 0.0703125 0.0734375
1 0.23671875 0.0640625 0.0703125 0.0890625
1 0.44453125 0.01953125 0.0671875 0.0390625
1 0.65703125 0.01171875 0.0609375 0.0234375
1 0.6890625 0.02265625 0.034375 0.0453125