1 0.64921875 0.509375 0.1390625 0.128125
1 0.8953125 0.353125 0.190625 0.2203125
1 0.890625 0.34609375 0.190625 0.2203125
1 0.0375 0.259375 0.0515625 0.0640625
1 0.25703125 0.28828125 0.0390625 0.0515625
1 0.3328125 0.459375 0.0546875 0.05625
1 0.4984375 0.44921875 0.0453125 0.0515625
1 0.41328125 0.44609375 0.04375 0.0484375
1 0.1515625 0.23125 0.053125 0.053125
1 0.578125 0.44375 0.040625 0.053125
1 0.89453125 0.04375 0.1921875 0.0859375
1 0.8890625 0.046875 0.1921875 0.09375
1 0.0375 0.07109375 0.0515625 0.065625
1 0.25703125 0.0421875 0.0390625 0.0515625
1 0.1515625 0.09609375 0.053125 0.053125