1 0.68046875 0.27265625 0.0859375 0.128125
1 0.37890625 0.35234375 0.11875 0.128125
1 0.75859375 0.2515625 0.1328125 0.1796875
1 0.3640625 0.15 0.0703125 0.0890625
1 0.2765625 0.1859375 0.034375 0.0359375
1 0.4421875 0.22265625 0.0484375 0.0515625
1 0.6109375 0.16484375 0.0578125 0.0640625
1 0.54921875 0.19140625 0.0359375 0.0453125
1 0.41953125 0.15234375 0.0515625 0.0453125
1 0.9625 0.271875 0.065625 0.1296875
1 0.89765625 0.2515625 0.1328125 0.1796875
1 0.05078125 0.1859375 0.034375 0.0359375