1 0.75703125 0.44609375 0.0578125 0.0796875
1 0.60546875 0.45703125 0.0578125 0.0765625
1 0.515625 0.4234375 0.0703125 0.1015625
1 0.85234375 0.40625 0.128125 0.159375
1 0.33984375 0.40625 0.084375 0.1109375
1 0.584375 0.43046875 0.0390625 0.0578125
1 0.97578125 0.4078125 0.034375 0.1140625
1 0.7578125 0.01171875 0.059375 0.0234375
1 0.5140625 0.02890625 0.071875 0.0578125
1 0.85078125 0.0515625 0.1296875 0.103125
1 0.3390625 0.03984375 0.0859375 0.0796875
1 0.584375 0.0140625 0.040625 0.028125
1 0.97734375 0.03984375 0.0359375 0.0796875