1 0.7953125 0.59609375 0.0484375 0.0515625
1 0.75625 0.6015625 0.040625 0.0515625
1 0.6578125 0.61796875 0.0453125 0.046875
1 0.6875 0.59765625 0.025 0.034375
1 0.53984375 0.68515625 0.040625 0.0359375
1 0.4578125 0.58828125 0.0453125 0.034375
1 0.35078125 0.6 0.0296875 0.0390625
1 0.3296875 0.653125 0.0390625 0.034375
1 0.30859375 0.6046875 0.021875 0.028125
1 0.25234375 0.6265625 0.0328125 0.034375
1 0.2953125 0.68515625 0.0296875 0.0265625
1 0.53984375 0.975 0.040625 0.0359375
1 0.33046875 0.99140625 0.040625 0.0078125
1 0.2953125 0.975 0.0296875 0.0265625