1 0.509375 0.24140625 0.0828125 0.103125
1 0.17578125 0.57109375 0.134375 0.1421875
1 0.64453125 0.59609375 0.1296875 0.1453125
1 0.87109375 0.2703125 0.084375 0.09375
1 0.85234375 0.515625 0.11875 0.1234375
1 0.9546875 0.24765625 0.071875 0.0921875
1 0.45078125 0.29296875 0.0796875 0.1015625
1 0.0328125 0.29921875 0.065625 0.1421875
1 0.81875 0.33046875 0.0984375 0.1265625
1 0.3296875 0.23203125 0.0921875 0.1140625
1 0.109375 0.4046875 0.1078125 0.1328125
1 0.70703125 0.27890625 0.0921875 0.0828125
1 0.18125 0.28828125 0.103125 0.1390625
1 0.82421875 0.2234375 0.1015625 0.0953125
1 0.73671875 0.5984375 0.103125 0.115625
1 0.31875 0.38671875 0.1171875 0.1390625
1 0.4984375 0.353125 0.09375 0.125
1 0.71640625 0.3609375 0.10625 0.1484375
1 0.55625 0.39921875 0.0984375 0.096875
1 0.8140625 0.484375 0.11875 0.1328125
1 0.509375 0.10703125 0.0828125 0.103125
1 0.87109375 0.078125 0.084375 0.09375
1 0.9546875 0.0984375 0.071875 0.0921875
1 0.45078125 0.053125 0.0796875 0.1015625
1 0.0328125 0.06015625 0.065625 0.1203125
1 0.81640625 0.040625 0.1015625 0.08125
1 0.3296875 0.11640625 0.0921875 0.1140625
1 0.70703125 0.0671875 0.0921875 0.0828125
1 0.18046875 0.06484375 0.10625 0.1296875
1 0.82421875 0.12265625 0.1015625 0.096875
1 0.3171875 0.015625 0.1203125 0.03125
1 0.49765625 0.02890625 0.096875 0.0578125
1 0.7171875 0.03125 0.1078125 0.0625