1 0.5625 0.446875 0.0828125 0.1140625
1 0.40625 0.353125 0.0484375 0.0609375
1 0.303125 0.425 0.0328125 0.040625
1 0.27265625 0.4046875 0.0265625 0.034375
1 0.16953125 0.3203125 0.0265625 0.034375
1 0.0421875 0.3421875 0.021875 0.0328125
1 0.25703125 0.321875 0.0203125 0.03125
1 0.37265625 0.325 0.0390625 0.0484375
1 0.69375 0.31796875 0.0171875 0.0296875
1 0.81015625 0.3015625 0.025 0.0390625
1 0.16796875 0.00390625 0.0296875 0.0078125
1 0.25859375 0.00234375 0.021875 0.0046875
1 0.3734375 0.0046875 0.040625 0.009375
1 0.6921875 0.00390625 0.0203125 0.0078125
1 0.8109375 0.01484375 0.0265625 0.0296875