1 0.4390625 0.36640625 0.1171875 0.1421875
1 0.59609375 0.39296875 0.0828125 0.0984375
1 0.80390625 0.33984375 0.084375 0.1140625
1 0.08046875 0.41484375 0.0984375 0.1171875
1 0.2015625 0.40859375 0.090625 0.115625
1 0.7359375 0.3296875 0.115625 0.1390625
1 0.52734375 0.41015625 0.065625 0.075
1 0.375 0.38203125 0.0875 0.115625
1 0.92421875 0.22734375 0.1421875 0.1234375
1 0.4375 0.0171875 0.1203125 0.034375
1 0.803125 0.02265625 0.0875 0.0453125
1 0.73671875 0.03515625 0.11875 0.0703125
1 0.92421875 0.10234375 0.1421875 0.1234375