1 0.86171875 0.27734375 0.084375 0.1015625
1 0.56484375 0.2484375 0.0828125 0.0921875
1 0.9703125 0.26953125 0.0515625 0.0828125
1 0.81875 0.28203125 0.0609375 0.0828125
1 0.49140625 0.41953125 0.1328125 0.1453125
1 0.21171875 0.384375 0.0578125 0.0609375
1 0.55625 0.33984375 0.0515625 0.0625
1 0.7140625 0.2828125 0.034375 0.0546875
1 0.86171875 0.05078125 0.084375 0.1015625
1 0.56484375 0.0796875 0.0828125 0.090625
1 0.9703125 0.0578125 0.0515625 0.0828125
1 0.81875 0.04609375 0.0609375 0.0828125
1 0.55546875 0.0109375 0.053125 0.021875
1 0.7140625 0.046875 0.034375 0.05625