1 0.83671875 0.296875 0.071875 0.09375
1 0.32421875 0.290625 0.0671875 0.0953125
1 0.18125 0.28359375 0.065625 0.0875
1 0.4734375 0.296875 0.0921875 0.11875
1 0.64453125 0.31640625 0.0578125 0.075
1 0.78828125 0.31640625 0.053125 0.0703125
1 0.14296875 0.3140625 0.040625 0.0609375
1 0.8375 0.0375 0.075 0.075
1 0.325 0.040625 0.06875 0.08125
1 0.18046875 0.0421875 0.0671875 0.084375
1 0.475 0.04296875 0.09375 0.0859375
1 0.6453125 0.02265625 0.059375 0.0453125
1 0.78984375 0.021875 0.05625 0.04375
1 0.1421875 0.0203125 0.04375 0.040625