1 0.2953125 0.5359375 0.0625 0.084375
1 0.796875 0.37578125 0.1515625 0.19375
1 0.196875 0.56484375 0.0484375 0.059375
1 0.446875 0.46875 0.0921875 0.128125
1 0.1390625 0.590625 0.0390625 0.04375
1 0.109375 0.5890625 0.03125 0.03125
1 0.0796875 0.590625 0.025 0.028125
1 0.296875 0.98046875 0.065625 0.0296875
1 0.79453125 0.08515625 0.1546875 0.1703125
1 0.1984375 0.97265625 0.0515625 0.046875
1 0.4484375 0.02265625 0.09375 0.0453125
1 0.1390625 0.95390625 0.0390625 0.04375
1 0.109375 0.9578125 0.03125 0.03125
1 0.0796875 0.95390625 0.025 0.0296875