2 0.6625 0.37265625 0.12265625 0.15859375
2 0.55390625 0.3328125 0.103125 0.146875
2 0.51953125 0.5140625 0.125 0.15390625
2 0.37265625 0.475 0.1109375 0.1609375
2 0.60078125 0.17890625 0.10078125 0.12265625
2 0.43046875 0.32578125 0.10546875 0.1609375
2 0.50703125 0.1578125 0.09609375 0.13203125
2 0.30625 0.328125 0.103125 0.1609375
2 0.3703125 0.2828125 0.0765625 0.103125
2 0.203125 0.32109375 0.13203125 0.17578125
2 0.11328125 0.2921875 0.1296875 0.18046875
2 0.03828125 0.2640625 0.0765625 0.1875
2 0.1375 0.0765625 0.1125 0.153125
2 0.275 0.1078125 0.11328125 0.14453125
2 0.9171875 0.41796875 0.1609375 0.35546875
2 0.7828125 0.37265625 0.1078125 0.321875
2 0.61640625 0.7984375 0.21875 0.39921875