2 0.69296875 0.36171875 0.09375 0.2
2 0.34921875 0.37734375 0.07421875 0.10390625
2 0.275 0.43359375 0.10625 0.184375
2 0.953125 0.65703125 0.08984375 0.2265625
2 0.87265625 0.66171875 0.1140625 0.271875
2 0.7609375 0.609375 0.12578125 0.2265625
2 0.66328125 0.6171875 0.11015625 0.23203125
2 0.459375 0.39765625 0.0578125 0.10703125
2 0.56015625 0.371875 0.1 0.15234375
2 0.43125 0.46171875 0.0578125 0.1015625
2 0.503125 0.54765625 0.12578125 0.24765625
2 0.3796875 0.6 0.1203125 0.2453125
2 0.315625 0.63046875 0.0359375 0.215625
2 0.25078125 0.57890625 0.11796875 0.2296875
2 0.153125 0.58828125 0.134375 0.2109375
2 0.04296875 0.6015625 0.0859375 0.2375
2 0.62421875 0.46015625 0.08828125 0.184375